000000
000003
000007
000009
000010
000011
000012
000013
000014
000016
000017
000018
000022
000026
000029
000030
000032
000034
000036
000038
000041
000043
000044
000045
000046
000049
000051
000054
000055
000056
000057
000060
000064
000067
000068
000069
000070
000071
000072
000073
000074
000075
000079
000080
000082
000083
000084
000085
000086
000087
000088
000091
000092
000095
000096
000097
000099
000100
000101
000103
000105
000109
000110
000111
000112
000113
000114
000115
000119
000120
000121
000123
000125
000127
000129
000130
000131
000133
000136
000138
000141
000142
000144
000145
000146
000148
000149
000150
000154
000155
000157
000158
000160
000162
000163
000164
000165
000166
000171
000172
000176
000177
000178
000179
000180
000184
000185
000189
000193
000198
000200
000202
000205
000206
000208
000209
000210
000214
000215
000217
000219
000220
000221
000222
000225
000227
000228
000232
000233
000238
000240
000241
000243
000244
000245
000253
000254
000255
000256
000257
000258
000259
000261
000264
000267
000271
000274
000275
000276
000277
000280
000282
000285
000286
000287
000288
000292
000294
000295
000296
000298
000299
000300
000303
000304
000306
000310
000313
000316
000317
000318
000322
000325
000326
000330
000331
000334
000337
000338
000339
000342
000344
000348
000349
000353
000358
000363
000364
000367
000368
000371
000374
000375
000380
000384
000387
000389
000390
000400
000405
000406
000410
000411
000412
000416
000417
000418
000421
000423
000424
000425
000426
000431
000432
000433
000434
000435
000438
000439
000441
000442
000444
000445
000447
000449
000456
000458
000460
000461
000462
000464
000465
000466
000467
000470
000471
000474
000482
000483
000484
000487
000488
000490
000497
000500
000501
000502
000505
000507
000511
000513
000514
000516
000518
000520
000522
000523
000525
000526
000529
000531
000532
000534
000535
000537
000538
000539
000540
000544
000547
000549
000550
000552
000553
000556
000557
000562
000563
000565
000570
000573
000574
000575
000576
000577
000578
000579
000580
000582
000584
000585
000586
000587
000592
000593
000594
000596
000597
000598
000599
000602
000603
000605
000606
000607
000608
000609
000616
000617
000621
000622
000623
000627
000629
000631
000632
000633
000637
000638
000640
000641
000643
000646
000649
000651
000652
000653
000654
000656
000661
000662
000663
000664
000665
000666
000668
000671
000672
000673
000675
000676
000678
000680
000681
000685
000686
000687
000688
000689
000690
000693
000695
000697
000701
000703
000705
000707
000709
000710
000711
000712
000713
000714
000715
000719
000720
000723
000724
000726
000730
000732
000733
000735
000738
000739
000742
000743
000744
000747
000749
000753
000755
000757
000758
000759
000760
000762
000763
000764
000770
000775
000776
000777
000780
000781
000783
000784
000785
000786
000787
000788
000789
000791
000793
000794
000796
000797
000799
000808
000813
000814
000815
000817
000818
000820
000821
000822
000824
000825
000827
000828
000829
000830
000832
000833
000834
000835
000836
000839
000842
000845
000846
000851
000853
000855
000856
000857
000858
000860
000861
000864
000865
000866
000867
000868
000870
000871
000872
000880
000882
000883
000886
000887
000888
000890
000891
000892
000895
000896
000898
000900
000901
000902
000903
000905
000906
000908
000910
000913
000914
000918
000919
000921
000924
000925
000927
000929
000933
000934
000935
000936
000937
000941
000945
000946
000947
000950
000951
000954
000955
000957
000959
000960
000962
000965
000968
000972
000975
000977
000978
000980
000982
000987
000989
000990
000992
000993
000994
000995
000996
000997
000998
001000
001001
001003
001004
001005
001009
001016
001017
001020
001023
001024
001028
001029
001030
001031
001032
001033
001034
001036
001038
001040
001041
001044
001045
001047
001048
001049
001052
001056
001057
001059
001060
001061
001062
001064
001072
001073
001074
001079
001080
001081
001082
001085
001087
001090
001091
001092
001093
001098
001100
001103
001105
001109
001110
001112
001117
001119
001121
001122
001124
001126
001128
001130
001137
001142
001146
001151
001156
001157
001159
001160
001161
001164
001165
001166
001168
001169
001170
001171
001174
001175
001181
001184
001185
001186
001190
001196
001197
001200
001201
001202
001204
001205
001208
001209
001210
001211
001212
001215
001219
001220
001223
001227
001229
001231
001233
001238
001240
001247
001248
001250
001256
001258
001262
001264
001276
001277
001278
001279
001280
001282
001283
001285
001288
001290
001293
001297
001298
001299
001300
001301
001302
001309
001310
001311
001312
001313
001315
001316
001319
001320
001321
001322
001323
001324
001325
001326
001327
001328
001335
001338
001340
001341
001343
001348
001349
001351
001354
001357
001358
001360
001361
001362
001364
001366
001367
001368
001369
001370
001371
001373
001378
001379
001383
001385
001390
001392
001393
001394
001396
001399
001400
001401
001402
001403
001404
001405
001406
001408
001409
001413
001414
001417
001418
001420
001422
001423
001425
001426
001428
001429
001430
001433
001434
001436
001440
001444
001447
001449
001452
001453
001454
001455
001456
001457
001459
001460
001462
001464
001465
001467
001468
001470
001472
001473
001474
001475
001476
001479
001482
001483
001484
001486
001490
001491
001492
001493
001494
001496
001498
001499
001500
001503
001504
001505
001506
001509
001510
001512
001515
001518
001519
001520
001523
001529
001530
001531
001532
001534
001539
001540
001541
001543
001544
001548
001550
001551
001553
001554
001556
001558
001559
001561
001563
001566
001568
001570
001571
001572
001575
001578
001580
001581
001584
001593
001595
001598
001599
001601
001604
001607
001608
001609
001611
001612
001614
001618
001620
001622
001623
001624
001626
001628
001630
001632
001636
001637
001638
001639
001641
001642
001644
001646
001648
001649
001651
001652
001653
001655
001657
001659
001661
001663
001668
001669
001671
001672
001673
001674
001676
001677
001678
001679
001681
001685
001686
001687
001688
001690
001691
001692
001695
001696
001698
001700
001703
001708
001715
001716
001720
001723
001724
001725
001728
001730
001731
001734
001735
001736
001737
001738
001739
001743
001744
001747
001748
001753
001754
001756
001757
001759
001760
001761
001763
001766
001767
001769
001770
001773
001775
001777
001779
001784
001785
001788
001789
001790
001791
001792
001793
001796
001798
001799
001803
001805
001806
001809
001810
001811
001812
001815
001816
001819
001821
001826
001827
001829
001830
001832
001833
001834
001836
001837
001838
001839
001841
001842
001843
001845
001847
001849
001850
001857
001860
001864
001865
001866
001870
001871
001873
001874
001876
001879
001882
001883
001889
001891
001894
001895
001896
001899
001901
001902
001903
001906
001907
001908
001910
001911
001912
001913
001914
001915
001916
001917
001918
001921
001922
001930
001935
001938
001939
001944
001947
001948
001949
001950
001951
001953
001955
001956
001957
001958
001961
001962
001963
001964
001965
001968
001970
001971
001973
001974
001975
001976
001981
001987
001988
001990
001992
001993
001994
001998
002003
002005
002006
002007
002009
002015
002016
002018
002020
002023
002024
002026
002030
002031
002032
002033
002039
002040
002041
002047
002051
002053
002055
002059
002060
002061
002063
002064
002065
002066
002067
002069
002070
002072
002077
002080
002083
002084
002088
002090
002092
002095
002096
002097
002098
002099
002104
002105
002106
002109
002110
002114
002116
002117
002119
002122
002125
002126
002129
002132
002133
002134
002141
002143
002144
002145
002146
002147
002148
002149
002150
002154
002155
002156
002157
002162
002164
002167
002171
002172
002174
002175
002176
002178
002180
002181
002184
002186
002189
002190
002191
002192
002194
002195
002197
002198
002199
002203
002204
002205
002208
002210
002211
002212
002213
002214
002217
002221
002222
002223
002226
002227
002230
002231
002235
002236
002237
002238
002240
002241
002242
002244
002247
002249
002252
002253
002256
002259
002261
002263
002264
002265
002267
002268
002269
002270
002271
002273
002274
002275
002278
002281
002285
002288
002289
002296
002297
002301
002302
002305
002309
002311
002312
002313
002316
002317
002318
002321
002322
002323
002324
002326
002328
002331
002333
002335
002339
002342
002343
002349
002350
002351
002352
002354
002355
002358
002360
002361
002363
002364
002368
002371
002373
002374
002375
002377
002379
002381
002388
002389
002390
002394
002395
002396
002400
002401
002402
002403
002406
002407
002408
002409
002410
002412
002413
002416
002417
002421
002426
002427
002430
002431
002435
002436
002437
002438
002441
002443
002444
002445
002447
002448
002449
002451
002452
002453
002456
002459
002464
002465
002466
002467
002468
002469
002470
002471
002472
002475
002480
002481
002482
002484
002485
002487
002489
002491
002493
002494
002496
002498
002501
002507
002508
002510
002512
002513
002514
002515
002517
002518
002522
002523
002524
002527
002533
002535
002536
002537
002542
002544
002545
002547
002549
002550
002551
002553
002554
002555
002559
002560
002561
002566
002567
002571
002573
002576
002578
002579
002582
002587
002588
002589
002591
002592
002593
002595
002596
002597
002605
002607
002608
002609
002610
002611
002614
002616
002617
002618
002620
002622
002623
002624
002627
002629
002632
002634
002637
002639
002642
002643
002647
002648
002649
002650
002652
002654
002655
002658
002659
002660
002662
002664
002665
002667
002668
002670
002671
002672
002676
002678
002679
002682
002683
002684
002687
002688
002689
002691
002697
002698
002700
002701
002703
002704
002705
002708
002714
002716
002718
002719
002723
002731
002732
002733
002734
002736
002738
002739
002741
002743
002750
002751
002754
002756
002759
002762
002766
002768
002769
002770
002771
002774
002776
002777
002778
002779
002780
002781
002782
002784
002785
002788
002790
002791
002792
002795
002798
002799
002802
002803
002807
002808
002813
002816
002817
002819
002821
002822
002823
002824
002825
002829
002832
002834
002835
002837
002838
002842
002843
002849
002850
002851
002852
002854
002855
002857
002859
002860
002862
002864
002865
002868
002869
002870
002871
002872
002873
002874
002882
002884
002886
002887
002888
002897
002898
002899
002904
002906
002907
002909
002910
002912
002913
002915
002918
002920
002921
002922
002923
002926
002927
002929
002931
002932
002933
002936
002938
002939
002940
002941
002943
002946
002949
002950
002952
002954
002956
002965
002967
002968
002969
002970
002972
002973
002975
002980
002981
002983
002986
002987
002989
002990
002992
002996
002998
003002
003008
003009
003012
003013
003014
003015
003016
003017
003018
003020
003021
003023
003026
003028
003036
003037
003039
003040
003041
003044
003045
003049
003051
003057
003059
003060
003063
003064
003068
003069
003070
003072
003075
003077
003078
003079
003081
003083
003084
003085
003086
003089
003091
003092
003093
003095
003097
003098
003100
003104
003105
003108
003111
003113
003115
003117
003119
003120
003121
003122
003123
003125
003128
003130
003132
003138
003139
003140
003143
003147
003149
003151
003152
003154
003155
003157
003158
003160
003163
003164
003166
003168
003169
003171
003173
003176
003178
003184
003185
003186
003188
003189
003191
003193
003195
003196
003198
003200
003201
003205
003206
003208
003209
003212
003213
003215
003218
003220
003223
003227
003230
003234
003235
003237
003238
003241
003243
003244
003245
003246
003248
003249
003253
003256
003258
003260
003261
003262
003263
003264
003267
003268
003270
003271
003273
003274
003277
003278
003279
003282
003284
003285
003286
003287
003289
003290
003291
003293
003294
003297
003299
003303
003307
003309
003311
003314
003317
003320
003321
003326
003327
003328
003329
003332
003333
003334
003335
003336
003339
003340
003342
003344
003345
003348
003349
003354
003356
003359
003360
003361
003362
003363
003369
003371
003372
003374
003376
003377
003378
003380
003381
003382
003383
003384
003387
003388
003389
003390
003391
003392
003398
003400
003413
003414
003415
003416
003418
003420
003423
003424
003427
003431
003433
003436
003437
003438
003439
003440
003441
003442
003444
003445
003446
003451
003452
003454
003455
003457
003458
003459
003460
003462
003463
003468
003472
003473
003475
003476
003477
003479
003485
003486
003493
003494
003498
003499
003500
003501
003505
003507
003508
003509
003510
003512
003513
003514
003516
003518
003522
003523
003525
003526
003532
003533
003534
003536
003537
003538
003540
003541
003542
003545
003546
003548
003549
003551
003555
003556
003560
003561
003564
003565
003566
003567
003569
003570
003572
003575
003576
003577
003578
003579
003581
003585
003586
003587
003589
003590
003591
003592
003593
003594
003595
003596
003597
003598
003599
003602
003603
003606
003610
003612
003613
003615
003617
003619
003625
003626
003628
003636
003637
003638
003639
003640
003641
003642
003644
003646
003648
003650
003651
003654
003656
003657
003660
003663
003664
003665
003666
003670
003672
003673
003674
003675
003680
003681
003685
003686
003687
003693
003694
003695
003696
003697
003698
003699
003700